F0 41 44 42 00 00 00 F7
F0 41 44 42 00 7F 03 01 00 00 F7
F0 41 44 42 00 7F 03 01 00 01 F7
F0 41 44 42 00 7F 03 01 00 02 F7
F0 41 44 42 00 7F 03 01 00 03 F7
F0 41 44 42 00 7F 03 01 00 04 F7
F0 41 44 42 00 7F 03 01 01 00 F7
F0 41 44 42 00 7F 03 01 02 00 F7
F0 41 44 42 00 7F 03 01 02 01 F7
F0 41 44 42 00 7F 03 01 02 02 F7
F0 41 44 42 00 7F 03 01 02 03 F7
F0 41 44 42 00 7F 03 01 02 04 F7
F0 41 44 42 00 7F 03 01 02 05 F7
F0 41 44 42 00 7F 03 01 03 00 F7